0 0
1 1
2 1
3 0
4 0
5 0
6 1
7 1
8 1
9 1
10 1
11 1
12 1
13 1
14 1
15 1
16 1
17 1
18 0
19 1
20 1
21 1
22 1
23 1
24 1
25 1
26 1
27 1
28 1
29 1
30 1
31 1
32 1
33 1
34 1
35 1
36 0
37 1
38 0
39 1
40 1
41 1
42 1
43 0
44 1
45 1
46 0
47 0
48 1
49 1
50 0
51 1
52 0
53 0
54 0
55 0
56 0
57 0
58 0
59 0
60 0
61 0
62 0
63 0
64 1
65 1
66 0
67 0
68 1
69 0
70 1
71 1
72 0
73 1
74 1
75 1
76 0
77 0
78 0
79 0
80 1
81 0
82 0
83 0
84 1
85 0
86 0
87 0
88 0
89 1
90 0
91 1
92 1
93 1
94 1
95 1
96 0
97 1
98 1
99 1
100 1
101 1
102 1
103 1
104 1
105 1
106 0
107 0
108 1
109 0
110 0
111 0
112 1
113 0
114 0
115 1
116 1
117 0
118 0
119 0
120 0
121 0
122 0
123 1
124 0
125 0
126 0
127 1
128 0
129 0
130 1
131 1
132 1
133 1
134 1
135 1
136 1
137 1
138 1
139 0
140 0
141 0
142 0
143 0
144 0
145 0
146 0
147 0
148 0
149 0
150 1
151 0
152 0
153 0
154 1
155 1
156 1
157 1
158 1
159 1
160 1
161 1
162 1
163 0
164 1
165 0
166 0
167 0
168 0
169 0
170 0
171 0
172 0
173 1
174 0
175 0
176 0
177 0
178 1
179 1
180 1
181 1
182 1
183 1
184 1
185 1
186 1
187 1
188 1
189 0
190 1
191 1
192 1
193 0
194 1
195 0
196 1
197 1
198 1
199 1
200 1
201 0
202 0
203 0
204 0
205 0
206 0
207 0
208 0
209 0
210 0
211 0
212 0
213 0
214 0
215 0
216 0
217 0
218 0
219 0
220 1
221 1
222 0
223 1
224 0
225 1
226 1
227 1
228 0
229 0
230 0
231 0
232 0
233 0
234 0
235 0
236 0
237 1
238 1
239 1
240 0
241 0
242 1
243 1
244 1
245 1
246 1
247 1
248 1
249 0
250 0
251 1
252 1
253 0
254 0
255 0
256 0
257 0
258 0
259 0
260 0
261 0
262 0
263 0
264 0
265 0
266 1
267 1
268 1
269 0
270 0
271 0
272 0
273 0
274 0
275 0
276 0
277 0
278 0
279 0
280 0
281 0
282 0
283 0
284 0
285 1
286 1
287 1
288 1
289 1
290 1
291 1
292 1
293 1
294 1
295 1
296 1
297 1
298 1
299 1
300 1
301 0
302 1
303 1
304 1
305 1
306 0
307 1
308 1
309 1
310 0
311 0
312 0
313 1
314 1
315 0
316 0
317 0
318 0
319 0
320 0
321 0
322 0
323 0
324 0
325 0
326 0
327 1
328 0
329 0
330 1
331 1
332 0
333 1
334 0
335 0
336 1
337 0
338 1
339 0
340 0
341 0
342 0
343 0
344 0
345 1
346 1
347 1
348 0
349 1
350 0
351 0
352 1
353 0
354 0
355 0
356 0
357 0
358 0
359 0
360 0
361 0
362 1
363 0
364 0
365 0
366 0
367 0
368 0
369 0
370 0
371 0
372 0
373 0
374 0
375 0
376 0
377 0
378 0
379 1
380 0
381 0
382 0
383 0
384 0
385 0
386 0
387 0
388 0
389 0
390 0
391 0
392 0
393 0
394 0
395 0
396 0
397 0
398 0
399 0
400 0
401 1
402 1
403 0
404 0
405 1
406 1
407 0
408 0
409 1
410 1
411 1
412 1
413 1
414 1
415 0
416 1
417 1
418 1
419 1
420 1
421 1
422 1
423 1
424 1
425 1
426 1
427 0
428 1
429 1
430 1
431 1
432 1
433 1
434 1
435 1
436 1
437 1
438 0
439 0
440 0
441 0
442 1
443 1
444 0
445 0
446 0
447 0
448 0
449 1
450 0
451 0
452 0
453 0
454 0
455 0
456 0
457 1
458 1
459 1
460 1
461 0
462 0
463 1
464 0
465 0
466 1
467 1
468 1
469 0
470 0
471 0
472 0
473 0
474 1
475 1
476 1
477 1
478 1
479 1
480 1
481 0
482 0
483 0
484 0
485 0
486 0
487 0
488 0
489 0
490 0
491 0
492 1
493 1
494 0
495 1
496 1
497 0
498 0
499 1
500 0
501 0
502 0
503 0
504 0
505 1
506 1
507 1
508 1
509 0
510 0
511 1
512 0
513 1
514 0
515 0
516 1
517 1
518 1
519 1
520 1
521 1
522 0
523 0
524 0
525 1
526 0
527 0
528 0
529 0
530 0
531 0
532 0
533 0
534 0
535 0
536 0
537 0
538 0
539 1
540 1
541 1
542 1
543 0
544 0
545 1
546 0
547 1
548 0
549 0
550 0
551 0
552 0
553 0
554 0
555 0
556 0
557 0
558 0
559 0
560 0
561 0
562 0
563 1
564 1
565 1
566 0
567 0
568 0
569 0
570 0
571 0
572 0
573 0
574 0
575 0
576 0
577 0
578 0
579 0
580 0
581 0
582 0
583 1
584 0
585 0
586 1
587 0
588 0
589 0
590 1
591 0
592 0
593 1
594 0
595 0
596 0
597 1
598 0
599 0
600 1
601 1
602 1
603 0
604 0
605 1
606 1
607 1
608 0
609 0
610 1
611 1
612 0
613 0
614 0
615 0
616 0
617 0
618 1
619 0
620 0
621 0
622 0
623 0
624 0
625 0
626 0
627 1
628 1
629 0
630 0
631 1
632 1
633 0
634 0
635 0
636 0
637 0
638 0
639 1
640 1
641 0
642 1
643 1
644 0
645 0
646 0
647 0
648 0
649 1
650 1
651 1
652 0
653 1
654 0
655 1
656 1
657 0
658 1
659 0
660 1
661 1
662 1
663 1
664 0
665 0
666 0
667 1
668 1
669 1
670 1
671 1
672 0
673 0
674 0
675 0
676 1
677 1
678 1
679 0
680 0
681 0
682 0
683 0
684 1
685 1
686 1
687 0
688 0
689 0
690 0
691 0
692 0
693 0
694 0
695 0
696 0
697 0
698 0
699 0
700 0
701 0
702 0
703 0
704 0
705 0
706 0
707 0
708 0
709 0
710 1
711 1
712 1
713 1
714 0
715 0
716 0
717 0
718 0
719 0
720 0
721 0
722 0
723 1
724 1
725 1
726 1
727 1
728 1
729 1
730 0
731 0
732 1
733 1
734 0
735 0
736 0
737 0
738 0
739 0
740 0
741 0
742 1
743 1
744 1
745 0
746 0
747 1
748 1
749 1
750 1
751 1
752 1
753 0
754 1
755 1
756 0
757 0
758 0
759 1
760 1
761 0
762 0
763 1
764 1
765 1
766 1
767 1
768 1
769 1
770 1
771 1
772 1
773 1
774 1
775 0
776 0
777 1
778 0
779 0
780 1
781 1
782 0
783 0
784 1
785 0
786 0
787 1
788 1
789 1
790 1
791 1
792 0
793 1
794 0
795 0
796 0
797 0
798 0
799 0
800 1
801 0
802 1
803 0
804 0
805 1
806 1
807 1
808 0
809 0
810 0
811 0
812 1
813 0
814 1
815 0
816 0
817 0
818 0
819 0
820 1
821 1
822 1
823 0
824 0
825 0
826 0
827 0
828 0
829 0
830 0
831 1
832 1
833 0
834 1
835 1
836 1
837 0
838 0
839 0
840 1
841 1
842 1
843 1
844 0
845 1
846 1
847 1
848 0
849 1
850 1
851 1
852 0
853 1
854 1
855 1
856 1
857 0
858 0
859 0
860 0
861 1
862 0
863 1
864 0
865 1
866 1
867 0
868 0
869 0
870 0
871 0
872 0
873 1
874 0
875 0
876 0
877 0
878 1
879 1
880 1
881 1
882 0
883 1
884 1
885 0
886 0
887 0
888 0
889 0
890 0
891 0
892 1
893 1
894 1
895 1
896 1
897 1
898 1
899 1
900 1
901 1
902 1
903 0
904 0
905 0
906 0
907 0
908 1
909 1
910 1
911 1
912 0
913 0
914 0
915 0
916 0
917 0
918 1
919 0
920 1
921 1
922 1
923 0
924 0
925 0
926 0
927 0
928 0
929 1
930 1
931 0
932 0
933 0
934 0
935 0
936 1
937 0
938 0
939 0
940 1
941 0
942 0
943 0
944 0
945 0
946 0
947 0
948 1
949 1
950 0
951 0
952 1
953 1
954 1
955 0
956 0
957 1
958 1
959 0
960 0
961 0
962 1
963 1
964 0
965 0
966 0
967 0
968 0
969 0
970 0
971 1
972 1
973 0
974 1
975 1
976 0
977 0
978 1
979 0
980 1
981 1
982 0
983 0
984 0
985 1
986 1
987 0
988 0
989 0
990 0
991 0
992 0
993 1
994 1
995 0
996 0
997 0
998 0
999 0
1000 1
1001 1
1002 1
1003 1
1004 1
1005 1
1006 1
1007 1
1008 0
1009 0
1010 0
1011 0
1012 0
1013 0
1014 0
1015 0
1016 0
1017 0
1018 0
1019 0
1020 0
1021 0
1022 0
1023 0
1024 0
1025 0
1026 0
1027 0
1028 0
1029 0
1030 0
1031 0
1032 0
1033 0
1034 0
1035 0
1036 0
1037 0
1038 1
1039 1
1040 1
1041 1
1042 1
1043 1
1044 0
1045 0
1046 0
1047 0
1048 0
1049 0
1050 0
1051 0
1052 1
1053 1
1054 1
1055 0
1056 0
1057 0
1058 0
1059 1
1060 0
1061 1
1062 1
1063 0
1064 0
1065 0
1066 0
1067 0
1068 0
1069 0
1070 0
1071 1
1072 0
1073 0
1074 0
1075 0
1076 1
1077 1
1078 1
1079 0
1080 0
1081 0
1082 0
1083 0
1084 0
1085 1
1086 0
1087 0
1088 1
1089 1
1090 1
1091 0
1092 1
1093 1
1094 0
1095 0
1096 1
1097 0
1098 0
1099 1
1100 0
1101 0
1102 0
1103 0
1104 0
1105 0
1106 0
1107 1
1108 1
1109 0
1110 0
1111 0
1112 0
1113 0
1114 1
1115 1
1116 0
1117 1
1118 1
1119 0
1120 0
1121 1
1122 1
1123 0
1124 1
1125 1
1126 1
1127 1
1128 0
1129 0
1130 0
1131 0
1132 0
1133 1
1134 1
1135 0
1136 1
1137 0
1138 1
1139 1
1140 0
1141 1
1142 1
1143 0
1144 0
1145 0
1146 0
1147 0
1148 0
1149 1
1150 0
1151 1
1152 0
1153 0
1154 0
1155 1
1156 0
1157 0
1158 1
1159 0
1160 0
1161 0
1162 0
1163 0
1164 0
1165 0
1166 0
1167 0
1168 0
1169 0
1170 1
1171 1
1172 1
1173 1
1174 0
1175 0
1176 1
1177 0
1178 1
1179 0
