0 0
1 1
2 1
3 0
4 0
5 2
6 0
7 2
8 1
9 1
10 1
11 3
12 1
13 1
14 3
15 1
16 1
17 3
18 1
19 1
20 1
21 1
22 1
23 3
24 0
25 1
26 1
27 1
28 1
29 2
30 3
31 1
32 3
33 1
34 1
35 1
36 1
37 3
38 2
39 3
40 3
41 1
42 1
43 3
44 1
45 1
46 1
47 3
48 1
49 1
50 3
51 1
52 0
53 3
54 1
55 0
56 1
57 1
58 1
59 1
60 3
61 3
62 3
63 0
64 1
65 1
66 0
67 0
68 1
69 3
70 1
71 0
72 1
73 0
74 0
75 0
76 0
77 0
78 0
79 0
80 0
81 0
82 0
83 0
84 0
85 1
86 3
87 1
88 3
89 0
90 3
91 0
92 1
93 3
94 0
95 1
96 1
97 0
98 1
99 2
100 3
101 1
50 1
102 0
103 0
104 0
105 0
106 1
107 0
108 0
109 3
110 0
111 3
112 1
113 0
114 0
115 0
116 0
117 1
118 0
119 3
120 1
121 1
122 1
123 1
111 1
124 2
125 3
126 0
127 1
128 1
129 1
130 1
131 1
132 1
133 1
134 1
135 1
136 0
137 0
138 1
139 0
140 0
141 2
142 0
143 1
144 0
145 0
146 1
147 2
148 2
149 3
150 1
151 0
152 0
153 0
154 0
155 3
156 0
157 0
158 1
159 0
160 0
161 0
128 3
162 2
163 1
164 2
165 0
166 0
167 1
168 2
169 1
170 1
171 1
172 1
173 1
174 1
175 1
176 1
177 0
178 0
179 0
180 0
181 0
182 0
183 0
184 0
185 0
186 0
187 0
188 1
189 0
190 0
191 0
192 1
193 1
194 3
195 1
196 3
197 1
198 1
199 3
200 1
201 3
202 1
203 1
204 3
205 2
206 1
207 0
208 1
209 0
210 0
211 0
212 0
213 0
214 0
215 0
216 0
217 1
218 0
219 0
220 3
221 0
222 0
223 3
224 1
225 1
226 1
227 1
228 3
229 1
230 1
231 1
232 3
233 1
234 1
235 1
236 2
237 1
238 2
239 0
240 1
241 1
242 1
243 0
244 1
245 3
246 0
247 3
248 1
249 1
250 1
251 1
252 1
253 0
254 0
255 0
256 0
257 0
258 0
259 0
260 0
261 0
262 0
263 0
264 0
265 0
266 0
267 0
268 0
269 0
270 3
271 0
272 0
273 1
274 1
275 0
276 1
277 0
278 1
279 1
280 3
281 1
282 0
283 0
284 0
285 0
286 0
287 0
288 0
289 0
290 0
291 1
292 1
293 3
294 1
295 3
296 3
297 0
298 0
299 3
300 1
301 3
302 3
303 1
304 3
305 3
306 1
307 1
308 3
309 1
310 2
311 1
312 1
313 0
314 0
315 1
316 3
317 1
318 0
319 0
320 0
321 0
322 0
323 0
324 0
325 0
326 0
327 0
328 0
329 0
330 0
331 3
332 3
333 3
334 3
335 3
336 1
337 1
338 3
339 3
340 1
341 0
342 2
343 0
344 0
345 0
346 0
347 0
348 0
349 0
350 0
351 3
352 0
353 0
354 0
355 0
356 0
357 0
358 0
359 1
360 1
361 1
362 1
363 1
364 3
365 2
366 1
367 1
368 1
369 1
370 1
371 1
372 1
373 1
374 1
375 1
376 1
377 0
378 1
379 1
380 1
381 1
382 0
383 1
384 1
385 1
386 2
387 0
388 3
389 0
390 2
391 0
392 1
393 1
394 3
395 0
396 0
397 0
398 0
399 0
400 0
401 0
402 3
403 3
404 3
405 0
406 0
407 0
408 0
409 0
410 1
411 0
412 0
413 1
414 3
415 3
416 2
417 1
418 0
419 3
420 1
421 0
422 3
423 0
424 2
425 1
426 0
427 1
428 0
429 0
430 0
431 0
432 0
433 3
434 0
435 1
436 1
437 2
438 1
439 0
440 1
441 0
442 2
443 3
444 2
445 0
446 1
447 0
448 0
449 0
450 0
451 0
452 0
453 0
454 0
455 0
456 3
457 1
458 3
459 0
460 3
461 3
462 0
463 0
464 0
465 0
466 0
467 0
468 0
469 2
470 0
471 0
472 3
473 0
474 0
475 0
476 0
477 0
478 0
479 3
480 1
481 0
482 0
483 0
484 0
485 0
486 0
487 0
488 0
489 0
490 0
491 0
492 0
493 0
494 2
495 3
496 3
497 0
498 2
499 2
500 2
501 0
502 0
503 0
504 0
505 0
506 0
507 0
508 2
509 1
510 1
511 3
512 3
513 3
514 2
515 0
516 3
517 3
518 0
519 1
520 1
521 0
522 3
523 3
524 0
525 3
526 1
527 1
528 3
529 1
530 3
531 3
532 3
533 1
534 1
535 1
536 3
537 0
538 1
539 1
540 3
541 1
542 1
543 1
544 1
545 3
546 1
547 1
548 1
549 3
550 3
551 1
552 1
553 3
554 0
555 3
556 1
557 1
558 3
559 2
560 2
561 1
562 1
563 1
564 1
565 3
566 1
567 1
568 1
569 1
570 2
571 3
572 0
573 3
574 0
575 0
576 2
577 0
578 3
579 1
580 1
581 0
582 0
583 0
584 0
585 0
586 3
587 1
588 3
589 0
590 0
591 0
592 0
593 0
594 0
595 0
596 2
597 1
598 1
599 3
600 1
601 1
602 2
603 2
604 2
605 0
606 0
607 2
608 1
609 2
610 0
611 3
612 3
613 3
614 3
615 3
616 0
617 3
618 1
619 1
620 1
621 0
622 0
623 0
624 0
625 0
626 1
627 1
628 1
629 1
630 1
631 1
632 1
633 0
634 0
635 2
636 0
637 2
638 0
639 0
640 0
641 0
642 3
643 0
644 0
645 0
646 0
647 3
648 1
649 1
650 3
651 2
652 0
653 1
654 1
655 3
656 3
657 3
658 3
659 3
660 3
661 3
662 0
663 3
664 0
665 1
666 3
667 2
668 2
669 0
670 0
671 0
672 0
673 0
674 3
675 3
676 1
677 1
678 3
679 1
680 1
681 0
682 0
683 1
684 3
685 0
686 1
687 2
688 0
689 0
690 2
691 1
692 3
693 1
694 1
695 3
696 3
697 1
698 3
699 3
700 1
701 1
702 0
703 0
704 0
705 1
706 0
707 0
708 0
709 0
710 2
711 2
712 3
713 0
714 3
715 0
716 0
717 0
718 0
719 0
720 0
721 0
722 0
723 3
724 1
725 1
726 2
727 3
728 1
729 1
730 3
731 3
732 3
733 3
734 3
735 0
736 0
737 3
738 1
739 0
740 1
741 3
742 2
743 0
744 0
745 0
746 0
747 0
748 2
749 0
750 0
751 0
752 0
753 0
754 2
755 0
756 2
757 0
758 0
759 0
760 0
761 1
762 1
763 1
764 3
765 0
766 2
767 0
768 0
769 2
770 0
771 0
772 0
773 3
774 0
775 0
776 0
777 0
778 0
779 0
780 0
781 0
782 0
665 3
783 3
784 2
785 2
786 0
787 0
788 3
789 3
790 1
791 3
792 3
793 2
794 0
795 0
796 1
797 0
798 0
799 0
800 3
801 1
802 0
803 2
804 2
805 0
806 2
807 3
808 1
809 0
810 0
811 0
812 1
813 0
814 0
815 1
816 1
817 1
818 3
819 0
820 0
821 1
822 1
823 1
824 2
825 0
826 0
827 1
828 3
829 2
830 1
831 0
832 0
833 0
834 0
835 0
836 0
837 1
838 3
839 2
840 0
841 2
842 0
843 0
844 0
845 0
846 0
847 0
848 0
849 3
850 3
851 2
852 1
853 1
854 0
855 2
856 3
857 0
858 3
859 1
860 2
861 1
862 0
863 0
864 0
865 0
866 0
867 0
868 1
869 1
870 0
871 2
872 1
873 1
874 2
875 2
876 0
877 2
878 2
879 0
880 0
881 0
882 0
883 3
884 3
885 1
886 1
887 1
888 0
889 3
890 1
891 0
892 3
893 1
894 1
895 3
896 0
897 3
898 1
899 0
900 1
901 1
902 1
903 1
904 0
905 0
906 0
907 3
908 3
909 2
910 1
911 1
912 1
913 3
914 1
850 1
915 0
916 0
917 0
918 3
919 2
920 0
921 2
922 3
923 1
924 1
925 3
926 3
927 3
928 1
929 0
930 0
931 2
932 0
933 3
934 3
935 0
936 3
937 0
938 3
939 2
940 1
941 1
942 1
943 0
944 0
945 0
946 0
947 0
948 0
949 0
950 0
951 0
952 0
953 0
954 0
955 0
956 0
957 0
958 0
959 0
960 0
961 0
962 0
963 0
964 0
965 0
966 1
967 1
968 2
969 2
970 3
971 1
972 1
973 0
974 0
975 0
976 3
977 0
978 0
979 0
980 0
981 0
982 0
983 3
984 1
985 1
986 1
987 1
988 1
989 1
990 1
991 3
992 0
993 0
994 1
995 1
996 0
997 0
998 0
999 0
1000 0
1001 3
1002 0
1003 0
1004 0
1005 2
1006 3
1007 1
1008 2
1009 1
1010 1
1011 0
1012 0
1013 3
124 1
1014 1
1015 1
1016 1
1017 1
1018 1
1019 0
1020 3
1021 1
1022 3
1023 1
1024 0
1025 0
1026 0
1027 1
1028 1
1029 0
1030 3
1031 0
1032 1
1033 1
1034 1
1035 1
1036 1
1037 1
1038 1
1039 1
1040 2
1041 1
1042 3
1043 3
1044 1
1045 2
1046 1
1047 1
1048 0
1049 0
1050 1
1051 0
1052 0
1053 2
1054 3
1055 3
1056 1
1057 1
1058 0
1059 0
1060 1
1061 0
1062 0
1063 1
1064 1
1065 1
1066 1
1067 3
1068 1
1069 0
1070 2
1071 1
1072 0
1073 0
1074 2
1075 0
1076 0
1077 0
1078 0
1079 1
1080 0
1081 1
1082 2
1083 2
1084 0
1085 0
1086 1
1087 1
1088 1
1089 0
1090 0
1091 0
1092 2
1093 0
1094 2
1095 1
1096 0
1097 1
1098 0
1099 0
1100 2
1101 3
1102 0
1103 0
1104 2
1105 0
1106 1
1107 2
1108 1
1109 3
1110 1
1111 0
1112 0
1113 0
1114 0
1115 0
1116 0
1117 0
1118 0
1119 3
1120 1
1121 1
1122 2
1123 0
1124 1
1125 1
1126 1
1127 0
1128 0
1129 3
1130 3
1131 0
1132 1
1133 1
1134 1
1135 3
1136 1
1137 0
1138 1
1139 1
1140 1
1141 0
1142 1
1143 3
1144 1
1145 3
1146 2
1147 1
1148 0
1149 2
1150 3
1151 3
1152 1
1153 1
1154 3
1155 2
1156 3
1157 3
1158 2
1159 3
1160 2
1161 3
1162 3
1163 3
1164 3
1165 2
1166 3
1167 1
1168 3
1169 3
1170 1
1171 3
1172 0
1173 0
1174 0
1175 0
1176 3
1177 1
1178 0
1179 1
1180 0
1181 1
1182 3
1183 2
1184 2
1185 1
1186 0
1187 0
1188 0
1189 0
1190 3
1191 0
1192 0
1193 1
1194 0
1195 0
1196 0
1197 2
1198 0
1199 1
1200 1
1201 1
1202 1
1203 0
1204 1
1205 1
1206 3
1207 3
1208 3
1209 0
1210 0
1211 3
1212 0
1213 0
1214 0
1215 0
1216 0
1217 2
1218 3
1219 3
1220 3
1221 2
1222 2
1223 3
1224 1
1225 1
1226 1
1227 1
1228 1
1229 1
1230 1
1231 1
1232 1
1233 1
1234 1
1235 0
1236 3
1237 3
1238 0
1239 3
1240 0
1241 0
1242 0
1243 1
1244 1
1245 2
1246 1
1247 1
1248 3
1249 3
1250 3
1251 2
1252 0
1253 0
1254 3
1255 0
1256 3
1257 2
1258 2
1259 0
1260 3
1261 2
1262 0
1263 0
1264 1
1265 0
1266 1
1267 1
1268 1
1269 0
1270 0
1271 0
1272 0
1273 3
1274 0
1275 2
1276 2
1277 0
691 2
1278 1
1279 1
1280 0
1281 0
1282 2
1283 0
1284 3
1285 0
1286 0
1287 1
1288 0
1289 0
1290 3
1291 0
1292 3
1293 1
1294 0
1295 3
1296 0
1297 2
1298 2
1299 0
1300 0
1301 0
1302 2
1303 0
1304 0
1305 1
1306 1
1307 0
1308 0
1309 3
1310 1
1311 1
1312 1
1313 0
1314 3
1315 3
1316 0
1317 3
1318 1
1319 2
1320 1
1321 0
1322 3
1323 3
1324 3
1325 3
1326 0
1327 0
1328 3
1329 3
1330 3
1331 1
1332 1
1333 2
1334 0
1335 2
1336 0
1337 2
1338 0
1339 0
1340 0
1341 0
1342 0
1343 3
1344 1
1345 1
1346 0
1347 3
1348 1
1349 3
1350 1
1351 0
1352 0
1353 1
1354 0
1355 2
1356 3
1357 1
1358 1
1359 0
1360 0
1361 3
1362 3
1363 0
1364 1
1365 1
1366 0
1367 0
1368 0
1369 0
1370 0
1371 0
1372 1
1373 1
1374 0
1375 0
1376 0
1377 0
1378 3
1379 0
1380 1
1381 1
1382 1
1383 1
1384 1
1385 1
1386 1
1387 1
1388 2
1389 0
1390 0
1391 0
1392 0
1393 0
1394 0
1395 0
1396 0
1397 0
1398 0
1399 0
1400 0
1401 0
1402 0
1403 0
1404 0
1405 0
1406 0
1407 0
1408 0
1409 0
1410 0
1411 0
1412 0
1413 0
1414 0
1415 0
1416 0
1417 0
1418 3
1419 3
1420 0
1421 1
1422 1
1423 1
1424 1
1425 1
1426 1
1427 3
1428 3
1429 0
1430 0
1431 0
1432 0
1433 0
1434 0
1435 0
1436 0
1437 2
1438 3
1439 3
1440 3
1441 3
1442 3
1443 1
1444 1
1445 1
1266 3
1446 0
1447 3
1448 2
1449 0
1450 2
1451 0
1452 0
1453 3
1454 1
1455 0
1456 3
1457 1
1458 2
1459 3
1460 1
1461 0
1462 0
1463 0
1464 0
1465 0
1466 0
1467 0
1468 0
1469 1
1470 0
1471 0
1472 0
1473 2
1474 0
1475 3
1476 1
1477 1
1478 1
1479 0
1480 0
1481 0
1482 0
1483 3
1484 0
1485 0
1486 3
1487 1
1488 0
1489 0
1490 1
1491 1
1492 3
1493 1
1494 3
1495 0
1496 3
1497 1
1498 1
1499 0
1500 0
1501 1
1502 0
1503 3
1504 0
1505 1
1506 3
1507 0
1508 3
1509 2
1510 2
1511 3
1512 0
1513 0
1514 0
1515 0
1516 0
1517 0
1518 1
1519 1
1520 0
1521 0
1522 2
1523 0
1524 0
1525 0
1526 1
1527 3
1528 1
1529 3
1530 3
1531 0
1532 1
1533 1
1534 0
1535 0
1536 1
1537 1
1538 3
1539 0
1540 1
1541 1
1542 1
1543 1
1544 0
1545 0
1546 0
1547 0
1548 0
1549 3
1550 1
1551 1
1552 0
1553 3
1554 3
1555 1
1556 2
1557 0
1558 1
1559 1
1560 0
1561 1
1562 3
1563 2
1564 2
1565 3
1566 1
1567 0
1568 0
1569 0
1570 0
1571 2
1572 3
1573 3
1574 3
1575 2
1576 0
1577 0
1578 3
1579 2
1580 1
1581 0
1582 1
1583 0
1584 3
1585 0
1586 0
1587 3
1588 2
1589 1
1590 2
1591 2
1592 3
1593 0
1594 0
1595 1
1596 0
1597 0
1598 0
1599 3
1600 0
1601 3
1602 0
1603 3
1604 0
1605 2
1606 2
1607 3
1608 3
1609 0
1610 0
1611 0
1612 0
1613 0
1614 1
1615 1
1616 1
1617 1
1618 0
1619 0
1620 1
1621 0
1622 1
1623 0
