0 1
1 0
2 0
3 0
4 0
5 1
6 0
7 1
8 0
9 0
10 0
11 1
12 0
13 1
14 0
15 1
16 1
17 0
18 0
19 1
20 1
21 0
22 1
23 0
24 0
25 1
26 0
27 1
28 0
29 1
30 0
31 1
32 1
33 0
34 1
35 0
36 0
37 0
38 0
39 0
40 1
41 0
42 0
43 1
44 0
45 1
46 0
47 0
48 0
49 0
50 0
51 1
52 1
53 0
54 0
55 1
56 0
57 0
58 1
59 0
60 0
61 1
62 1
63 1
64 0
65 1
66 0
67 1
68 0
69 0
70 0
71 0
72 0
73 1
74 0
75 1
76 0
77 1
78 1
79 0
80 0
81 0
82 0
83 0
84 0
85 0
86 1
87 0
88 0
89 1
90 0
91 1
92 1
93 1
94 0
95 0
96 1
97 0
98 0
99 1
100 1
101 1
102 1
103 1
104 1
105 1
106 1
107 1
108 1
109 1
110 1
111 1
112 1
113 1
114 1
115 1
116 1
117 1
118 1
119 1
120 1
121 1
122 1
123 1
124 1
125 1
126 0
127 0
128 0
129 0
130 0
131 0
132 0
133 0
134 1
135 1
136 1
137 0
138 0
139 1
140 1
141 0
142 0
143 0
144 0
145 0
146 0
147 0
148 0
149 0
150 1
151 1
152 1
153 0
154 1
155 0
156 1
157 0
158 0
159 0
160 1
161 1
162 0
163 0
164 0
165 0
166 1
167 0
168 0
169 0
170 0
171 1
172 1
173 1
174 1
175 1
176 1
177 1
178 1
179 1
180 1
181 1
182 1
183 1
184 1
185 1
186 1
187 1
188 1
189 1
190 1
191 1
192 1
193 1
194 1
195 1
196 1
197 1
198 1
199 1
200 1
201 1
202 1
203 1
204 0
205 0
206 0
207 0
208 0
209 1
210 0
211 0
212 0
213 0
214 0
215 0
216 0
217 0
218 1
219 0
220 1
221 1
222 0
223 0
224 1
225 1
226 1
227 1
228 1
229 0
230 1
231 1
232 1
233 1
234 1
235 1
236 1
237 0
238 0
239 0
240 1
241 0
242 0
243 1
244 0
245 1
246 1
247 1
248 0
249 0
250 0
251 0
252 1
253 1
254 1
255 1
256 0
257 0
258 0
259 0
260 1
261 1
262 1
263 1
264 1
265 1
266 1
267 1
268 1
269 1
270 0
271 0
272 1
273 1
274 1
275 1
276 1
277 1
278 0
279 0
280 0
281 0
282 0
283 0
284 0
285 0
286 1
287 0
288 1
289 1
290 0
291 0
292 0
293 0
294 0
295 1
296 0
297 1
298 0
299 1
300 1
301 1
302 1
303 1
304 1
305 0
306 0
307 0
308 0
309 1
310 1
311 1
312 1
313 1
314 1
315 1
316 1
317 1
318 1
319 1
320 1
321 0
322 0
323 0
324 0
325 0
326 0
327 0
328 0
329 0
330 0
331 0
332 0
333 0
334 1
335 1
336 1
337 1
338 1
339 0
340 1
341 1
342 1
343 1
344 1
345 1
346 1
347 1
348 1
349 1
350 1
351 1
352 1
353 1
354 0
355 0
356 1
357 1
358 0
359 0
360 1
361 1
362 1
363 1
364 1
365 1
366 1
367 1
368 1
369 0
370 0
371 1
372 1
373 1
374 0
375 0
376 1
377 1
378 1
379 1
380 1
381 1
382 1
383 1
384 1
385 0
386 0
387 0
388 0
389 1
390 1
391 1
392 0
393 0
394 0
395 1
396 1
397 1
398 0
399 1
400 1
401 0
402 1
403 0
404 1
405 0
406 1
407 1
408 1
409 0
410 0
411 0
412 0
413 1
414 0
415 0
416 1
417 0
418 1
419 1
420 0
421 1
422 1
423 1
424 0
425 0
426 1
427 1
428 1
429 1
430 1
431 0
432 0
433 1
434 1
435 1
436 0
437 1
438 1
439 1
440 0
441 0
442 1
443 0
444 1
445 1
446 1
447 1
448 0
449 0
450 0
451 0
452 0
453 0
454 0
455 0
456 1
457 1
458 1
459 1
460 0
461 1
462 0
463 1
464 0
465 1
466 1
467 0
468 0
469 1
470 0
471 0
472 0
473 1
474 1
475 1
476 1
477 1
478 1
479 1
480 1
481 1
482 0
483 0
484 1
485 0
486 1
487 1
488 1
489 1
490 1
491 0
492 0
493 1
494 1
495 0
496 1
497 0
498 1
499 1
500 1
501 1
502 1
