0 3
1 2
2 2
3 3
4 3
5 2
6 1
7 2
8 0
9 2
10 2
11 0
12 2
13 2
14 3
15 2
16 2
17 2
18 3
19 2
20 3
21 2
22 0
23 2
24 1
25 2
26 0
27 2
28 2
29 3
30 2
31 2
32 3
33 3
34 2
35 2
36 2
37 3
38 2
39 2
40 2
41 3
42 2
43 1
44 3
45 3
46 2
47 3
48 0
49 1
50 2
51 2
52 0
53 1
54 2
55 0
56 2
57 2
58 3
59 2
60 1
61 2
62 2
63 2
64 2
65 3
66 2
67 2
68 2
69 2
70 1
71 0
72 2
73 2
74 2
75 1
76 2
77 1
78 0
79 2
80 2
81 2
82 2
83 2
84 2
85 2
86 3
87 1
88 0
89 1
90 1
91 0
92 2
93 3
94 2
95 3
96 2
97 2
98 2
99 2
100 2
101 2
102 1
103 2
104 2
105 0
106 1
107 2
108 3
109 1
110 0
111 1
112 2
113 3
114 2
115 2
116 3
117 0
118 2
119 0
120 2
121 2
122 2
123 2
124 3
125 2
126 3
127 3
128 2
129 2
130 2
131 3
132 2
133 2
134 2
135 2
136 0
137 2
138 2
139 0
140 1
141 2
142 2
143 0
144 2
145 3
146 2
147 3
148 2
149 3
150 1
151 2
152 3
153 2
154 0
155 3
156 3
157 2
158 2
159 1
160 3
161 2
162 2
163 2
164 2
165 2
166 3
167 3
168 2
169 0
170 3
171 0
172 2
173 3
174 2
175 2
176 0
177 2
178 3
179 2
180 3
181 0
182 1
183 3
184 1
185 0
186 0
187 1
188 0
189 0
190 2
191 3
192 3
193 2
194 1
195 2
196 0
197 3
198 1
199 2
200 2
201 2
202 2
203 3
204 3
205 2
206 2
207 3
208 3
209 2
210 1
211 1
212 2
213 2
214 1
215 0
216 2
217 1
218 2
219 2
220 3
221 2
222 2
223 2
224 2
225 2
226 2
227 2
228 2
229 2
230 2
231 3
232 2
233 0
234 2
235 2
236 2
237 2
238 2
239 2
240 2
241 3
242 3
243 2
244 2
245 3
246 2
247 2
248 2
249 2
250 3
251 2
252 3
253 3
254 3
255 3
256 3
257 3
258 3
259 0
260 2
261 2
262 3
263 2
264 2
265 2
266 2
267 3
268 2
269 3
270 0
271 3
272 2
273 2
274 0
275 2
276 2
277 1
278 3
279 1
280 1
281 2
282 2
283 1
284 2
285 0
286 2
287 2
288 3
289 0
290 0
291 3
292 0
293 0
294 2
295 1
296 2
297 2
298 0
299 0
300 1
301 2
302 2
303 0
304 3
305 1
306 1
307 3
308 3
309 2
310 2
311 0
312 3
313 2
314 1
315 2
316 3
317 2
318 3
319 2
320 0
321 3
322 0
323 2
324 2
325 2
326 1
327 1
328 1
329 1
330 1
331 1
332 1
333 1
334 1
335 1
336 1
337 1
338 1
339 1
340 1
341 1
342 1
343 1
344 1
345 1
346 1
347 1
348 1
349 1
350 1
351 2
352 1
353 2
354 3
355 3
356 2
357 2
358 0
359 1
360 1
361 1
362 0
363 2
364 0
365 2
366 1
367 2
368 2
369 2
370 1
371 2
372 2
373 2
374 2
375 2
376 2
377 2
378 2
379 2
380 2
381 2
382 3
383 2
384 2
385 3
386 2
387 2
388 2
389 2
390 3
391 0
392 2
393 3
394 2
395 2
396 2
397 2
398 3
399 3
400 2
401 2
402 3
403 2
404 3
405 2
406 0
407 2
408 0
409 2
410 3
411 0
412 3
413 0
414 2
415 3
416 2
417 2
418 0
419 3
420 3
421 1
422 2
423 2
424 2
425 2
426 1
427 1
428 0
429 1
430 2
431 2
432 2
433 2
434 2
435 2
436 3
437 2
438 2
439 2
440 2
441 1
442 2
443 2
444 2
445 2
446 3
447 0
448 2
449 2
450 1
451 2
452 2
453 1
454 2
455 2
456 2
457 3
458 2
459 2
460 3
461 2
462 0
463 2
464 3
465 3
466 2
467 2
468 2
469 3
470 2
471 0
472 2
473 3
474 0
475 3
476 2
477 1
478 2
479 2
480 3
481 2
482 2
483 0
484 2
485 0
486 2
487 3
488 2
489 2
490 2
491 2
492 0
493 3
494 1
495 1
496 1
497 1
498 1
499 1
500 1
501 1
502 1
503 1
504 1
505 1
506 1
507 1
508 1
509 1
510 1
511 1
512 1
513 1
514 1
515 1
516 1
517 1
518 1
519 1
520 1
521 1
522 1
523 1
524 1
525 1
526 1
527 3
528 0
529 0
530 0
531 0
532 3
533 2
534 0
535 2
536 1
537 2
538 0
539 3
540 0
541 3
542 3
543 3
544 3
545 3
546 0
547 3
548 3
549 2
550 2
551 2
552 2
553 3
554 2
555 2
556 3
557 0
558 1
559 3
560 2
561 3
562 3
563 1
564 2
565 1
566 3
567 0
568 1
569 1
570 1
571 1
572 1
573 2
574 2
575 2
576 3
577 3
578 0
579 2
580 2
581 1
582 1
583 3
584 2
585 2
586 1
587 1
588 1
589 3
590 3
591 1
592 2
593 2
594 2
595 2
596 3
597 2
598 2
599 0
600 2
601 2
602 2
603 2
604 2
605 2
606 3
607 2
608 1
609 0
610 2
611 2
612 2
613 0
614 1
615 2
616 1
617 1
618 2
619 1
620 2
621 2
622 3
623 0
624 0
625 0
626 0
627 2
628 3
629 3
630 2
631 2
632 1
633 0
634 2
635 3
636 0
637 0
638 3
639 2
640 3
641 3
642 2
643 2
644 3
645 3
646 2
647 3
648 1
649 1
650 1
651 1
652 1
653 1
654 1
655 1
656 2
657 2
658 3
659 3
660 3
661 2
662 2
663 1
664 2
665 1
666 2
667 0
668 2
669 2
670 0
671 2
672 2
673 2
674 1
675 1
676 1
677 1
678 1
679 1
680 0
681 0
682 0
683 0
684 0
685 0
686 0
687 3
688 1
689 0
690 1
691 2
692 2
693 1
694 2
695 2
696 0
697 2
698 0
699 2
700 2
701 2
702 2
703 2
704 0
705 1
706 2
707 2
708 2
709 2
710 1
711 1
712 1
713 1
714 1
715 1
716 1
717 1
718 1
719 1
720 1
721 1
722 1
723 1
724 1
725 1
726 1
727 0
728 0
729 0
730 0
731 0
732 0
733 0
734 0
735 2
736 0
737 2
738 2
739 2
740 2
741 0
742 0
743 0
744 2
745 2
746 1
747 1
748 2
749 1
750 1
751 1
752 3
753 2
754 0
755 3
756 2
757 3
758 3
759 1
760 1
761 1
762 3
763 1
764 2
765 1
766 1
767 1
768 1
769 1
770 1
771 1
772 1
773 1
774 1
775 2
776 2
777 2
778 0
779 0
780 1
781 3
782 1
783 0
784 2
785 2
786 2
787 2
788 1
789 1
790 1
791 1
792 1
793 3
794 2
795 2
796 2
797 1
798 3
799 3
800 2
801 2
802 2
803 2
804 3
805 1
806 3
807 1
808 1
809 3
810 2
811 2
812 2
813 2
814 2
815 2
816 2
817 2
818 2
819 2
820 2
821 3
822 1
823 1
824 2
825 1
826 0
827 0
828 3
829 1
830 1
831 2
832 3
833 2
834 1
835 1
836 1
837 1
838 1
839 2
840 1
841 1
842 0
843 0
844 3
845 2
846 2
847 2
848 0
849 1
850 2
851 2
852 2
853 2
854 3
855 2
856 2
857 2
858 1
859 2
860 3
861 2
862 3
863 2
864 0
865 3
866 3
867 3
868 2
869 1
870 2
871 3
872 1
873 2
874 2
875 2
876 2
877 2
878 1
879 1
880 3
881 1
882 2
883 3
884 0
885 1
886 0
887 1
888 2
889 2
890 0
891 3
892 2
893 1
894 3
895 1
896 1
897 2
898 0
899 2
900 2
901 3
902 2
903 0
904 2
905 3
906 3
907 2
908 3
909 3
910 2
911 2
912 2
913 2
914 2
915 2
916 2
917 2
918 1
919 3
920 0
921 3
922 0
923 1
924 0
925 2
926 1
927 1
928 0
929 3
930 1
931 3
932 1
933 3
934 1
935 2
936 0
937 2
938 2
939 2
940 0
941 2
942 2
943 1
944 2
945 2
946 1
947 2
948 1
949 2
950 3
951 1
952 1
953 0
954 0
955 2
956 2
957 1
958 1
959 1
960 1
961 1
962 1
963 0
964 0
965 2
966 3
967 3
968 3
969 1
970 2
971 2
972 0
973 1
974 1
975 1
976 1
977 0
978 0
979 0
980 0
981 0
982 0
983 1
984 1
985 2
986 1
987 1
988 2
989 2
990 2
991 3
992 1
993 0
994 1
995 2
996 3
997 1
998 1
999 0
1000 0
1001 1
1002 0
1003 2
1004 2
1005 0
1006 3
1007 3
1008 2
1009 2
1010 0
1011 2
1012 1
1013 1
1014 1
1015 1
1016 1
1017 1
1018 1
1019 1
1020 1
1021 2
1022 2
1023 0
1024 2
1025 1
1026 3
1027 0
1028 2
1029 2
1030 3
1031 1
1032 1
1033 2
1034 1
1035 1
1036 1
1037 1
1038 1
1039 0
1040 1
1041 0
1042 1
1043 1
1044 1
1045 1
1046 1
1047 3
